1.447110000000000000e+07 3.592450000000000000e+06 1.289710000000000000e+07 3.362220000000000000e+07 -6.047460000000000000e+05 -3.735180000000000000e+05 -3.390460000000000000e+05 -8.391880000000000000e+05 4.303020000000000000e+05 6.188900000000000000e+04 -8.221260000000000582e+04 5.251440000000000000e+05 5.548830000000000000e+05 1.187160000000000000e+05 5.334300000000000000e+05 1.324110000000000000e+06
3.592450000000000000e+06 1.435630000000000000e+06 3.328950000000000000e+06 8.080010000000000000e+06 1.820120000000000000e+05 -3.638740000000000146e+04 1.084770000000000000e+05 2.895190000000000000e+05 1.423120000000000000e+05 3.489800000000000000e+04 4.720259999999999854e+04 2.221340000000000000e+05 1.004900000000000000e+05 3.166270000000000073e+04 9.823160000000000582e+04 2.358000000000000000e+05
1.289710000000000000e+07 3.328950000000000000e+06 1.266180000000000000e+07 3.142210000000000000e+07 -7.983160000000000000e+05 -3.359420000000000000e+05 -5.808120000000000000e+05 -1.409260000000000000e+06 8.579230000000000000e+05 1.573810000000000000e+05 3.371290000000000000e+05 1.344660000000000000e+06 3.498250000000000000e+05 8.367939999999999418e+04 3.609040000000000000e+05 8.780830000000000000e+05
3.362220000000000000e+07 8.080010000000000000e+06 3.142210000000000000e+07 8.128630000000000000e+07 -2.030620000000000000e+06 -8.236040000000000000e+05 -1.409700000000000000e+06 -3.506420000000000000e+06 1.315750000000000000e+06 2.227590000000000000e+05 2.531580000000000000e+05 1.987650000000000000e+06 8.972090000000000000e+05 2.027960000000000000e+05 8.900360000000000000e+05 2.223170000000000000e+06
-6.047450000000000000e+05 1.820120000000000000e+05 -7.983160000000000000e+05 -2.030620000000000000e+06 1.407380000000000000e+07 3.451310000000000000e+06 1.258750000000000000e+07 3.285620000000000000e+07 -5.110700000000000000e+05 8.583460000000000582e+04 -2.211260000000000000e+05 -1.231830000000000000e+06 -3.879070000000000000e+05 -9.270250000000000000e+04 -3.626190000000000000e+05 -9.299360000000000000e+05
-3.735180000000000000e+05 -3.638750000000000000e+04 -3.359420000000000000e+05 -8.236040000000000000e+05 3.451310000000000000e+06 1.436770000000000000e+06 3.207120000000000000e+06 7.756390000000000000e+06 -2.555980000000000000e+05 -2.187329999999999927e+04 -2.679530000000000000e+05 -6.117010000000000000e+05 9.186680000000000291e+04 -2.451970000000000027e+01 9.029339999999999418e+04 2.188870000000000000e+05
-3.390460000000000000e+05 1.084770000000000000e+05 -5.808120000000000000e+05 -1.409700000000000000e+06 1.258740000000000000e+07 3.207120000000000000e+06 1.235440000000000000e+07 3.070290000000000000e+07 -6.840060000000000000e+05 1.355440000000000000e+05 -4.289210000000000000e+05 -1.697360000000000000e+06 -3.668170000000000000e+05 -9.106419999999999709e+04 -3.629570000000000000e+05 -9.021780000000000000e+05
-8.391880000000000000e+05 2.895190000000000000e+05 -1.409260000000000000e+06 -3.506420000000000000e+06 3.285620000000000000e+07 7.756390000000000000e+06 3.070290000000000000e+07 7.958040000000000000e+07 -1.202700000000000000e+06 1.971520000000000000e+05 -5.030560000000000000e+05 -2.933530000000000000e+06 -9.624490000000000000e+05 -2.206820000000000000e+05 -9.232340000000000000e+05 -2.358790000000000000e+06
4.303010000000000000e+05 1.423120000000000000e+05 8.579230000000000000e+05 1.315750000000000000e+06 -5.110700000000000000e+05 -2.555980000000000000e+05 -6.840060000000000000e+05 -1.202700000000000000e+06 1.407700000000000000e+07 3.541590000000000000e+06 1.253900000000000000e+07 3.270990000000000000e+07 2.972430000000000000e+05 6.529869999999999709e+04 2.480760000000000000e+05 6.860640000000000000e+05
6.188890000000000146e+04 3.489800000000000000e+04 1.573810000000000000e+05 2.227590000000000000e+05 8.583460000000000582e+04 -2.187329999999999927e+04 1.355440000000000000e+05 1.971520000000000000e+05 3.541590000000000000e+06 1.435930000000000000e+06 3.278840000000000000e+06 7.940670000000000000e+06 7.523819999999999709e+04 2.224829999999999927e+04 6.874500000000000000e+04 1.741570000000000000e+05
-8.221250000000000000e+04 4.720259999999999854e+04 3.371290000000000000e+05 2.531580000000000000e+05 -2.211270000000000000e+05 -2.679530000000000000e+05 -4.289210000000000000e+05 -5.030560000000000000e+05 1.253900000000000000e+07 3.278840000000000000e+06 1.229090000000000000e+07 3.042700000000000000e+07 4.453670000000000000e+05 9.525719999999999709e+04 4.088150000000000000e+05 1.043570000000000000e+06
5.251440000000000000e+05 2.221350000000000000e+05 1.344660000000000000e+06 1.987650000000000000e+06 -1.231830000000000000e+06 -6.117010000000000000e+05 -1.697360000000000000e+06 -2.933530000000000000e+06 3.270990000000000000e+07 7.940670000000000000e+06 3.042690000000000000e+07 7.883200000000000000e+07 7.023460000000000000e+05 1.540240000000000000e+05 5.932660000000000000e+05 1.638520000000000000e+06
5.548830000000000000e+05 1.004900000000000000e+05 3.498250000000000000e+05 8.972090000000000000e+05 -3.879070000000000000e+05 9.186680000000000291e+04 -3.668170000000000000e+05 -9.624490000000000000e+05 2.972430000000000000e+05 7.523819999999999709e+04 4.453670000000000000e+05 7.023460000000000000e+05 -1.391390000000000000e+05 -3.450090000000000146e+04 -1.268430000000000000e+05 -3.266940000000000000e+05
1.187160000000000000e+05 3.166270000000000073e+04 8.367939999999999418e+04 2.027960000000000000e+05 -9.270250000000000000e+04 -2.451970000000000027e+01 -9.106419999999999709e+04 -2.206820000000000000e+05 6.529869999999999709e+04 2.224829999999999927e+04 9.525719999999999709e+04 1.540240000000000000e+05 -3.450090000000000146e+04 -1.405889999999999964e+04 -3.296709999999999854e+04 -7.821589999999999418e+04
5.334300000000000000e+05 9.823160000000000582e+04 3.609040000000000000e+05 8.900360000000000000e+05 -3.626190000000000000e+05 9.029339999999999418e+04 -3.629570000000000000e+05 -9.232340000000000000e+05 2.480760000000000000e+05 6.874500000000000000e+04 4.088150000000000000e+05 5.932660000000000000e+05 -1.268430000000000000e+05 -3.296709999999999854e+04 -1.274740000000000000e+05 -3.112230000000000000e+05
1.324110000000000000e+06 2.358000000000000000e+05 8.780830000000000000e+05 2.223170000000000000e+06 -9.299360000000000000e+05 2.188870000000000000e+05 -9.021780000000000000e+05 -2.358790000000000000e+06 6.860640000000000000e+05 1.741570000000000000e+05 1.043570000000000000e+06 1.638520000000000000e+06 -3.266940000000000000e+05 -7.821589999999999418e+04 -3.112230000000000000e+05 -7.962610000000000000e+05
